Topic,Semester,# nodes,# edges,Average degree,Density,Global Clustering,# Protrump user,# Antitrump user,# neutral user:
guncontrol,01-01-2017_01-07-2017,833,4043,9.7071,0.0117,0.1898,513,194,126
guncontrol,01-07-2017_01-01-2018,9720,45023,9.264,0.001,0.1897,6639,2084,997
guncontrol,01-01-2018_01-07-2018,15199,204395,26.8958,0.0018,0.1793,9463,4077,1659
guncontrol,01-07-2018_01-01-2019,14692,167680,22.826,0.0016,0.1726,9593,3626,1473
guncontrol,01-01-2019_01-07-2019,17098,191655,22.4184,0.0013,0.1503,11020,4241,1837
politics,01-01-2017_01-07-2017,10863,85903,15.8157,0.0015,0.1936,3892,5874,1097
politics,01-07-2017_01-01-2018,7858,49691,12.6472,0.0016,0.1943,2899,3948,1011
politics,01-01-2018_01-07-2018,6773,66597,19.6654,0.0029,0.2281,2414,3310,1049
politics,01-07-2018_01-01-2019,7288,66412,18.225,0.0025,0.2345,2544,3444,1300
politics,01-01-2019_01-07-2019,7691,62706,16.3063,0.0021,0.2113,3091,3099,1501
minority,01-01-2017_01-07-2017,7873,105299,26.7494,0.0034,0.3155,4577,2447,849
minority,01-07-2017_01-01-2018,8828,145853,33.0433,0.0037,0.3299,4866,2981,981
minority,01-01-2018_01-07-2018,5598,23246,8.3051,0.0015,0.1952,3174,1626,798
minority,01-07-2018_01-01-2019,10463,157201,30.0489,0.0029,0.2832,5572,3649,1242
minority,01-01-2019_01-07-2019,1125,3404,6.0516,0.0054,0.1543,527,384,214
